-36.81199833028147
-19.48049189915434
-15.78809262498389
-13.83374000475806
4.936323989906085
7.011541880413065
21.35826532210094
22.06863934594462
32.37278292481621
32.73375889052961
33.35351454717365
37.20474421118739
40.09504717815103
45.24012280832851
45.44870336069218
52.44998303711226
62.98681128316221
64.62464157390238
69.19940858536017
88.96666011452714
92.35724858241551
97.7497563029975
99.7246501747173
105.6090639869042
112.4822625557898
125.0156102290345
149.9010075304777
232.3906991037628
