(-36.81199833028147,0.0)
(0.0,0.0)
(0.0,0.0)
(0.0,0.0)
(0.0,0.0)
(0.0,0.0)
(0.0,0.0)
(0.0,0.0)
(0.0,0.0)
(0.0,0.0)
(0.0,0.0)
(0.0,0.0)
(0.0,0.0)
(0.0,0.0)
(0.0,0.0)
(0.0,0.0)
(0.0,0.0)
(0.0,0.0)
(0.0,0.0)
(0.0,0.0)
(0.0,0.0)
(0.0,0.0)
(0.0,0.0)
(0.0,0.0)
(0.0,0.0)
(0.0,0.0)
(0.0,0.0)
(0.0,0.0)
(0.0,0.0)
(-19.48049189915434,0.0)
(0.0,0.0)
(0.0,0.0)
(0.0,0.0)
(0.0,0.0)
(0.0,0.0)
(0.0,0.0)
(0.0,0.0)
(0.0,0.0)
(0.0,0.0)
(0.0,0.0)
(0.0,0.0)
(0.0,0.0)
(0.0,0.0)
(0.0,0.0)
(0.0,0.0)
(0.0,0.0)
(0.0,0.0)
(0.0,0.0)
(0.0,0.0)
(0.0,0.0)
(0.0,0.0)
(0.0,0.0)
(0.0,0.0)
(0.0,0.0)
(0.0,0.0)
(0.0,0.0)
(0.0,0.0)
(0.0,0.0)
(-15.78809262498389,0.0)
(0.0,0.0)
(0.0,0.0)
(0.0,0.0)
(0.0,0.0)
(0.0,0.0)
(0.0,0.0)
(0.0,0.0)
(0.0,0.0)
(0.0,0.0)
(0.0,0.0)
(0.0,0.0)
(0.0,0.0)
(0.0,0.0)
(0.0,0.0)
(0.0,0.0)
(0.0,0.0)
(0.0,0.0)
(0.0,0.0)
(0.0,0.0)
(0.0,0.0)
(0.0,0.0)
(0.0,0.0)
(0.0,0.0)
(0.0,0.0)
(0.0,0.0)
(0.0,0.0)
(0.0,0.0)
(0.0,0.0)
(-13.83374000475806,0.0)
(0.0,0.0)
(0.0,0.0)
(0.0,0.0)
(0.0,0.0)
(0.0,0.0)
(0.0,0.0)
(0.0,0.0)
(0.0,0.0)
(0.0,0.0)
(0.0,0.0)
(0.0,0.0)
(0.0,0.0)
(0.0,0.0)
(0.0,0.0)
(0.0,0.0)
(0.0,0.0)
(0.0,0.0)
(0.0,0.0)
(0.0,0.0)
(0.0,0.0)
(0.0,0.0)
(0.0,0.0)
(0.0,0.0)
(0.0,0.0)
(0.0,0.0)
(0.0,0.0)
(0.0,0.0)
(0.0,0.0)
(4.936323989906085,0.0)
(0.0,0.0)
(0.0,0.0)
(0.0,0.0)
(0.0,0.0)
(0.0,0.0)
(0.0,0.0)
(0.0,0.0)
(0.0,0.0)
(0.0,0.0)
(0.0,0.0)
(0.0,0.0)
(0.0,0.0)
(0.0,0.0)
(0.0,0.0)
(0.0,0.0)
(0.0,0.0)
(0.0,0.0)
(0.0,0.0)
(0.0,0.0)
(0.0,0.0)
(0.0,0.0)
(0.0,0.0)
(0.0,0.0)
(0.0,0.0)
(0.0,0.0)
(0.0,0.0)
(0.0,0.0)
(0.0,0.0)
(7.011541880413065,0.0)
(0.0,0.0)
(0.0,0.0)
(0.0,0.0)
(0.0,0.0)
(0.0,0.0)
(0.0,0.0)
(0.0,0.0)
(0.0,0.0)
(0.0,0.0)
(0.0,0.0)
(0.0,0.0)
(0.0,0.0)
(0.0,0.0)
(0.0,0.0)
(0.0,0.0)
(0.0,0.0)
(0.0,0.0)
(0.0,0.0)
(0.0,0.0)
(0.0,0.0)
(0.0,0.0)
(0.0,0.0)
(0.0,0.0)
(0.0,0.0)
(0.0,0.0)
(0.0,0.0)
(0.0,0.0)
(0.0,0.0)
(21.35826532210094,0.0)
(0.0,0.0)
(0.0,0.0)
(0.0,0.0)
(0.0,0.0)
(0.0,0.0)
(0.0,0.0)
(0.0,0.0)
(0.0,0.0)
(0.0,0.0)
(0.0,0.0)
(0.0,0.0)
(0.0,0.0)
(0.0,0.0)
(0.0,0.0)
(0.0,0.0)
(0.0,0.0)
(0.0,0.0)
(0.0,0.0)
(0.0,0.0)
(0.0,0.0)
(0.0,0.0)
(0.0,0.0)
(0.0,0.0)
(0.0,0.0)
(0.0,0.0)
(0.0,0.0)
(0.0,0.0)
(0.0,0.0)
(22.06863934594462,0.0)
(0.0,0.0)
(0.0,0.0)
(0.0,0.0)
(0.0,0.0)
(0.0,0.0)
(0.0,0.0)
(0.0,0.0)
(0.0,0.0)
(0.0,0.0)
(0.0,0.0)
(0.0,0.0)
(0.0,0.0)
(0.0,0.0)
(0.0,0.0)
(0.0,0.0)
(0.0,0.0)
(0.0,0.0)
(0.0,0.0)
(0.0,0.0)
(0.0,0.0)
(0.0,0.0)
(0.0,0.0)
(0.0,0.0)
(0.0,0.0)
(0.0,0.0)
(0.0,0.0)
(0.0,0.0)
(0.0,0.0)
(32.37278292481621,0.0)
(0.0,0.0)
(0.0,0.0)
(0.0,0.0)
(0.0,0.0)
(0.0,0.0)
(0.0,0.0)
(0.0,0.0)
(0.0,0.0)
(0.0,0.0)
(0.0,0.0)
(0.0,0.0)
(0.0,0.0)
(0.0,0.0)
(0.0,0.0)
(0.0,0.0)
(0.0,0.0)
(0.0,0.0)
(0.0,0.0)
(0.0,0.0)
(0.0,0.0)
(0.0,0.0)
(0.0,0.0)
(0.0,0.0)
(0.0,0.0)
(0.0,0.0)
(0.0,0.0)
(0.0,0.0)
(0.0,0.0)
(32.73375889052961,0.0)
(0.0,0.0)
(0.0,0.0)
(0.0,0.0)
(0.0,0.0)
(0.0,0.0)
(0.0,0.0)
(0.0,0.0)
(0.0,0.0)
(0.0,0.0)
(0.0,0.0)
(0.0,0.0)
(0.0,0.0)
(0.0,0.0)
(0.0,0.0)
(0.0,0.0)
(0.0,0.0)
(0.0,0.0)
(0.0,0.0)
(0.0,0.0)
(0.0,0.0)
(0.0,0.0)
(0.0,0.0)
(0.0,0.0)
(0.0,0.0)
(0.0,0.0)
(0.0,0.0)
(0.0,0.0)
(0.0,0.0)
(33.35351454717365,0.0)
(0.0,0.0)
(0.0,0.0)
(0.0,0.0)
(0.0,0.0)
(0.0,0.0)
(0.0,0.0)
(0.0,0.0)
(0.0,0.0)
(0.0,0.0)
(0.0,0.0)
(0.0,0.0)
(0.0,0.0)
(0.0,0.0)
(0.0,0.0)
(0.0,0.0)
(0.0,0.0)
(0.0,0.0)
(0.0,0.0)
(0.0,0.0)
(0.0,0.0)
(0.0,0.0)
(0.0,0.0)
(0.0,0.0)
(0.0,0.0)
(0.0,0.0)
(0.0,0.0)
(0.0,0.0)
(0.0,0.0)
(37.20474421118739,0.0)
(0.0,0.0)
(0.0,0.0)
(0.0,0.0)
(0.0,0.0)
(0.0,0.0)
(0.0,0.0)
(0.0,0.0)
(0.0,0.0)
(0.0,0.0)
(0.0,0.0)
(0.0,0.0)
(0.0,0.0)
(0.0,0.0)
(0.0,0.0)
(0.0,0.0)
(0.0,0.0)
(0.0,0.0)
(0.0,0.0)
(0.0,0.0)
(0.0,0.0)
(0.0,0.0)
(0.0,0.0)
(0.0,0.0)
(0.0,0.0)
(0.0,0.0)
(0.0,0.0)
(0.0,0.0)
(0.0,0.0)
(40.09504717815103,0.0)
(0.0,0.0)
(0.0,0.0)
(0.0,0.0)
(0.0,0.0)
(0.0,0.0)
(0.0,0.0)
(0.0,0.0)
(0.0,0.0)
(0.0,0.0)
(0.0,0.0)
(0.0,0.0)
(0.0,0.0)
(0.0,0.0)
(0.0,0.0)
(0.0,0.0)
(0.0,0.0)
(0.0,0.0)
(0.0,0.0)
(0.0,0.0)
(0.0,0.0)
(0.0,0.0)
(0.0,0.0)
(0.0,0.0)
(0.0,0.0)
(0.0,0.0)
(0.0,0.0)
(0.0,0.0)
(0.0,0.0)
(45.24012280832851,0.0)
(0.0,0.0)
(0.0,0.0)
(0.0,0.0)
(0.0,0.0)
(0.0,0.0)
(0.0,0.0)
(0.0,0.0)
(0.0,0.0)
(0.0,0.0)
(0.0,0.0)
(0.0,0.0)
(0.0,0.0)
(0.0,0.0)
(0.0,0.0)
(0.0,0.0)
(0.0,0.0)
(0.0,0.0)
(0.0,0.0)
(0.0,0.0)
(0.0,0.0)
(0.0,0.0)
(0.0,0.0)
(0.0,0.0)
(0.0,0.0)
(0.0,0.0)
(0.0,0.0)
(0.0,0.0)
(0.0,0.0)
(45.44870336069218,0.0)
(0.0,0.0)
(0.0,0.0)
(0.0,0.0)
(0.0,0.0)
(0.0,0.0)
(0.0,0.0)
(0.0,0.0)
(0.0,0.0)
(0.0,0.0)
(0.0,0.0)
(0.0,0.0)
(0.0,0.0)
(0.0,0.0)
(0.0,0.0)
(0.0,0.0)
(0.0,0.0)
(0.0,0.0)
(0.0,0.0)
(0.0,0.0)
(0.0,0.0)
(0.0,0.0)
(0.0,0.0)
(0.0,0.0)
(0.0,0.0)
(0.0,0.0)
(0.0,0.0)
(0.0,0.0)
(0.0,0.0)
(52.44998303711226,0.0)
(0.0,0.0)
(0.0,0.0)
(0.0,0.0)
(0.0,0.0)
(0.0,0.0)
(0.0,0.0)
(0.0,0.0)
(0.0,0.0)
(0.0,0.0)
(0.0,0.0)
(0.0,0.0)
(0.0,0.0)
(0.0,0.0)
(0.0,0.0)
(0.0,0.0)
(0.0,0.0)
(0.0,0.0)
(0.0,0.0)
(0.0,0.0)
(0.0,0.0)
(0.0,0.0)
(0.0,0.0)
(0.0,0.0)
(0.0,0.0)
(0.0,0.0)
(0.0,0.0)
(0.0,0.0)
(0.0,0.0)
(62.98681128316221,0.0)
(0.0,0.0)
(0.0,0.0)
(0.0,0.0)
(0.0,0.0)
(0.0,0.0)
(0.0,0.0)
(0.0,0.0)
(0.0,0.0)
(0.0,0.0)
(0.0,0.0)
(0.0,0.0)
(0.0,0.0)
(0.0,0.0)
(0.0,0.0)
(0.0,0.0)
(0.0,0.0)
(0.0,0.0)
(0.0,0.0)
(0.0,0.0)
(0.0,0.0)
(0.0,0.0)
(0.0,0.0)
(0.0,0.0)
(0.0,0.0)
(0.0,0.0)
(0.0,0.0)
(0.0,0.0)
(0.0,0.0)
(64.62464157390238,0.0)
(0.0,0.0)
(0.0,0.0)
(0.0,0.0)
(0.0,0.0)
(0.0,0.0)
(0.0,0.0)
(0.0,0.0)
(0.0,0.0)
(0.0,0.0)
(0.0,0.0)
(0.0,0.0)
(0.0,0.0)
(0.0,0.0)
(0.0,0.0)
(0.0,0.0)
(0.0,0.0)
(0.0,0.0)
(0.0,0.0)
(0.0,0.0)
(0.0,0.0)
(0.0,0.0)
(0.0,0.0)
(0.0,0.0)
(0.0,0.0)
(0.0,0.0)
(0.0,0.0)
(0.0,0.0)
(0.0,0.0)
(69.19940858536017,0.0)
(0.0,0.0)
(0.0,0.0)
(0.0,0.0)
(0.0,0.0)
(0.0,0.0)
(0.0,0.0)
(0.0,0.0)
(0.0,0.0)
(0.0,0.0)
(0.0,0.0)
(0.0,0.0)
(0.0,0.0)
(0.0,0.0)
(0.0,0.0)
(0.0,0.0)
(0.0,0.0)
(0.0,0.0)
(0.0,0.0)
(0.0,0.0)
(0.0,0.0)
(0.0,0.0)
(0.0,0.0)
(0.0,0.0)
(0.0,0.0)
(0.0,0.0)
(0.0,0.0)
(0.0,0.0)
(0.0,0.0)
(88.96666011452714,0.0)
(0.0,0.0)
(0.0,0.0)
(0.0,0.0)
(0.0,0.0)
(0.0,0.0)
(0.0,0.0)
(0.0,0.0)
(0.0,0.0)
(0.0,0.0)
(0.0,0.0)
(0.0,0.0)
(0.0,0.0)
(0.0,0.0)
(0.0,0.0)
(0.0,0.0)
(0.0,0.0)
(0.0,0.0)
(0.0,0.0)
(0.0,0.0)
(0.0,0.0)
(0.0,0.0)
(0.0,0.0)
(0.0,0.0)
(0.0,0.0)
(0.0,0.0)
(0.0,0.0)
(0.0,0.0)
(0.0,0.0)
(92.35724858241551,0.0)
(0.0,0.0)
(0.0,0.0)
(0.0,0.0)
(0.0,0.0)
(0.0,0.0)
(0.0,0.0)
(0.0,0.0)
(0.0,0.0)
(0.0,0.0)
(0.0,0.0)
(0.0,0.0)
(0.0,0.0)
(0.0,0.0)
(0.0,0.0)
(0.0,0.0)
(0.0,0.0)
(0.0,0.0)
(0.0,0.0)
(0.0,0.0)
(0.0,0.0)
(0.0,0.0)
(0.0,0.0)
(0.0,0.0)
(0.0,0.0)
(0.0,0.0)
(0.0,0.0)
(0.0,0.0)
(0.0,0.0)
(97.7497563029975,0.0)
(0.0,0.0)
(0.0,0.0)
(0.0,0.0)
(0.0,0.0)
(0.0,0.0)
(0.0,0.0)
(0.0,0.0)
(0.0,0.0)
(0.0,0.0)
(0.0,0.0)
(0.0,0.0)
(0.0,0.0)
(0.0,0.0)
(0.0,0.0)
(0.0,0.0)
(0.0,0.0)
(0.0,0.0)
(0.0,0.0)
(0.0,0.0)
(0.0,0.0)
(0.0,0.0)
(0.0,0.0)
(0.0,0.0)
(0.0,0.0)
(0.0,0.0)
(0.0,0.0)
(0.0,0.0)
(0.0,0.0)
(99.7246501747173,0.0)
(0.0,0.0)
(0.0,0.0)
(0.0,0.0)
(0.0,0.0)
(0.0,0.0)
(0.0,0.0)
(0.0,0.0)
(0.0,0.0)
(0.0,0.0)
(0.0,0.0)
(0.0,0.0)
(0.0,0.0)
(0.0,0.0)
(0.0,0.0)
(0.0,0.0)
(0.0,0.0)
(0.0,0.0)
(0.0,0.0)
(0.0,0.0)
(0.0,0.0)
(0.0,0.0)
(0.0,0.0)
(0.0,0.0)
(0.0,0.0)
(0.0,0.0)
(0.0,0.0)
(0.0,0.0)
(0.0,0.0)
(105.6090639869042,0.0)
(0.0,0.0)
(0.0,0.0)
(0.0,0.0)
(0.0,0.0)
(0.0,0.0)
(0.0,0.0)
(0.0,0.0)
(0.0,0.0)
(0.0,0.0)
(0.0,0.0)
(0.0,0.0)
(0.0,0.0)
(0.0,0.0)
(0.0,0.0)
(0.0,0.0)
(0.0,0.0)
(0.0,0.0)
(0.0,0.0)
(0.0,0.0)
(0.0,0.0)
(0.0,0.0)
(0.0,0.0)
(0.0,0.0)
(0.0,0.0)
(0.0,0.0)
(0.0,0.0)
(0.0,0.0)
(0.0,0.0)
(112.4822625557898,0.0)
(0.0,0.0)
(0.0,0.0)
(0.0,0.0)
(0.0,0.0)
(0.0,0.0)
(0.0,0.0)
(0.0,0.0)
(0.0,0.0)
(0.0,0.0)
(0.0,0.0)
(0.0,0.0)
(0.0,0.0)
(0.0,0.0)
(0.0,0.0)
(0.0,0.0)
(0.0,0.0)
(0.0,0.0)
(0.0,0.0)
(0.0,0.0)
(0.0,0.0)
(0.0,0.0)
(0.0,0.0)
(0.0,0.0)
(0.0,0.0)
(0.0,0.0)
(0.0,0.0)
(0.0,0.0)
(0.0,0.0)
(125.0156102290345,0.0)
(0.0,0.0)
(0.0,0.0)
(0.0,0.0)
(0.0,0.0)
(0.0,0.0)
(0.0,0.0)
(0.0,0.0)
(0.0,0.0)
(0.0,0.0)
(0.0,0.0)
(0.0,0.0)
(0.0,0.0)
(0.0,0.0)
(0.0,0.0)
(0.0,0.0)
(0.0,0.0)
(0.0,0.0)
(0.0,0.0)
(0.0,0.0)
(0.0,0.0)
(0.0,0.0)
(0.0,0.0)
(0.0,0.0)
(0.0,0.0)
(0.0,0.0)
(0.0,0.0)
(0.0,0.0)
(0.0,0.0)
(149.9010075304777,0.0)
(0.0,0.0)
(0.0,0.0)
(0.0,0.0)
(0.0,0.0)
(0.0,0.0)
(0.0,0.0)
(0.0,0.0)
(0.0,0.0)
(0.0,0.0)
(0.0,0.0)
(0.0,0.0)
(0.0,0.0)
(0.0,0.0)
(0.0,0.0)
(0.0,0.0)
(0.0,0.0)
(0.0,0.0)
(0.0,0.0)
(0.0,0.0)
(0.0,0.0)
(0.0,0.0)
(0.0,0.0)
(0.0,0.0)
(0.0,0.0)
(0.0,0.0)
(0.0,0.0)
(0.0,0.0)
(0.0,0.0)
(232.3906991037628,0.0)
