CoulombKernel 1 3191
i 
inf
0.577446188134
0.144361547033
0.064160687570
0.036090386758
0.023097847525
0.016040171893
0.011784616084
0.009022596690
0.007128965286
0.007128965286
0.009022596690
0.011784616084
0.016040171893
0.023097847525
0.036090386758
0.064160687570
0.144361547033
0.577446188134
0.577446188134
0.288723094067
0.115489237627
0.057744618813
0.033967422831
0.022209468774
0.015606653733
0.011548923763
0.008883787510
0.007042026685
0.007042026685
0.008883787510
0.011548923763
0.015606653733
0.022209468774
0.033967422831
0.057744618813
0.115489237627
0.288723094067
0.144361547033
0.115489237627
0.072180773517
0.044418937549
0.028872309407
0.019911937522
0.014436154703
0.010895211097
0.008491855708
0.008491855708
0.010895211097
0.014436154703
0.019911937522
0.028872309407
0.044418937549
0.072180773517
0.115489237627
0.064160687570
0.057744618813
0.044418937549
0.032080343785
0.023097847525
0.016983711416
0.012832137514
0.009955968761
0.007910221755
0.007910221755
0.009955968761
0.012832137514
0.016983711416
0.023097847525
0.032080343785
0.044418937549
0.057744618813
0.036090386758
0.033967422831
0.028872309407
0.023097847525
0.018045193379
0.014084053369
0.011104734387
0.008883787510
0.007218077352
0.007218077352
0.008883787510
0.011104734387
0.014084053369
0.018045193379
0.023097847525
0.028872309407
0.033967422831
0.023097847525
0.022209468774
0.019911937522
0.016983711416
0.014084053369
0.011548923763
0.009466330953
0.007803326867
0.007803326867
0.009466330953
0.011548923763
0.014084053369
0.016983711416
0.019911937522
0.022209468774
0.016040171893
0.015606653733
0.014436154703
0.012832137514
0.011104734387
0.009466330953
0.008020085946
0.008020085946
0.009466330953
0.011104734387
0.012832137514
0.014436154703
0.015606653733
0.011784616084
0.011548923763
0.010895211097
0.009955968761
0.008883787510
0.007803326867
0.007803326867
0.008883787510
0.009955968761
0.010895211097
0.011548923763
0.009022596690
0.008883787510
0.008491855708
0.007910221755
0.007218077352
0.007218077352
0.007910221755
0.008491855708
0.008883787510
0.007128965286
0.007042026685
0.007042026685
0.007128965286
0.007042026685
0.007042026685
0.009022596690
0.008883787510
0.008491855708
0.007910221755
0.007218077352
0.007218077352
0.007910221755
0.008491855708
0.008883787510
0.011784616084
0.011548923763
0.010895211097
0.009955968761
0.008883787510
0.007803326867
0.007803326867
0.008883787510
0.009955968761
0.010895211097
0.011548923763
0.016040171893
0.015606653733
0.014436154703
0.012832137514
0.011104734387
0.009466330953
0.008020085946
0.008020085946
0.009466330953
0.011104734387
0.012832137514
0.014436154703
0.015606653733
0.023097847525
0.022209468774
0.019911937522
0.016983711416
0.014084053369
0.011548923763
0.009466330953
0.007803326867
0.007803326867
0.009466330953
0.011548923763
0.014084053369
0.016983711416
0.019911937522
0.022209468774
0.036090386758
0.033967422831
0.028872309407
0.023097847525
0.018045193379
0.014084053369
0.011104734387
0.008883787510
0.007218077352
0.007218077352
0.008883787510
0.011104734387
0.014084053369
0.018045193379
0.023097847525
0.028872309407
0.033967422831
0.064160687570
0.057744618813
0.044418937549
0.032080343785
0.023097847525
0.016983711416
0.012832137514
0.009955968761
0.007910221755
0.007910221755
0.009955968761
0.012832137514
0.016983711416
0.023097847525
0.032080343785
0.044418937549
0.057744618813
0.144361547033
0.115489237627
0.072180773517
0.044418937549
0.028872309407
0.019911937522
0.014436154703
0.010895211097
0.008491855708
0.008491855708
0.010895211097
0.014436154703
0.019911937522
0.028872309407
0.044418937549
0.072180773517
0.115489237627
0.577446188134
0.288723094067
0.115489237627
0.057744618813
0.033967422831
0.022209468774
0.015606653733
0.011548923763
0.008883787510
0.007042026685
0.007042026685
0.008883787510
0.011548923763
0.015606653733
0.022209468774
0.033967422831
0.057744618813
0.115489237627
0.288723094067
0.577446188134
0.288723094067
0.115489237627
0.057744618813
0.033967422831
0.022209468774
0.015606653733
0.011548923763
0.008883787510
0.007042026685
0.007042026685
0.008883787510
0.011548923763
0.015606653733
0.022209468774
0.033967422831
0.057744618813
0.115489237627
0.288723094067
0.288723094067
0.192482062711
0.096241031356
0.052495108012
0.032080343785
0.021386895857
0.015195952319
0.011322474277
0.008749184669
0.006957182990
0.006957182990
0.008749184669
0.011322474277
0.015195952319
0.021386895857
0.032080343785
0.052495108012
0.096241031356
0.192482062711
0.115489237627
0.096241031356
0.064160687570
0.041246156295
0.027497437530
0.019248206271
0.014084053369
0.010693447928
0.008368785335
0.008368785335
0.010693447928
0.014084053369
0.019248206271
0.027497437530
0.041246156295
0.064160687570
0.096241031356
0.057744618813
0.052495108012
0.041246156295
0.030391904639
0.022209468774
0.016498462518
0.012553178003
0.009787223528
0.007803326867
0.007803326867
0.009787223528
0.012553178003
0.016498462518
0.022209468774
0.030391904639
0.041246156295
0.052495108012
0.033967422831
0.032080343785
0.027497437530
0.022209468774
0.017498369337
0.013748718765
0.010895211097
0.008749184669
0.007128965286
0.007128965286
0.008749184669
0.010895211097
0.013748718765
0.017498369337
0.022209468774
0.027497437530
0.032080343785
0.022209468774
0.021386895857
0.019248206271
0.016498462518
0.013748718765
0.011322474277
0.009313648196
0.007699282508
0.007699282508
0.009313648196
0.011322474277
0.013748718765
0.016498462518
0.019248206271
0.021386895857
0.015606653733
0.015195952319
0.014084053369
0.012553178003
0.010895211097
0.009313648196
0.007910221755
0.007910221755
0.009313648196
0.010895211097
0.012553178003
0.014084053369
0.015195952319
0.011548923763
0.011322474277
0.010693447928
0.009787223528
0.008749184669
0.007699282508
0.007699282508
0.008749184669
0.009787223528
0.010693447928
0.011322474277
0.008883787510
0.008749184669
0.008368785335
0.007803326867
0.007128965286
0.007128965286
0.007803326867
0.008368785335
0.008749184669
0.007042026685
0.006957182990
0.006957182990
0.007042026685
0.006957182990
0.006957182990
0.008883787510
0.008749184669
0.008368785335
0.007803326867
0.007128965286
0.007128965286
0.007803326867
0.008368785335
0.008749184669
0.011548923763
0.011322474277
0.010693447928
0.009787223528
0.008749184669
0.007699282508
0.007699282508
0.008749184669
0.009787223528
0.010693447928
0.011322474277
0.015606653733
0.015195952319
0.014084053369
0.012553178003
0.010895211097
0.009313648196
0.007910221755
0.007910221755
0.009313648196
0.010895211097
0.012553178003
0.014084053369
0.015195952319
0.022209468774
0.021386895857
0.019248206271
0.016498462518
0.013748718765
0.011322474277
0.009313648196
0.007699282508
0.007699282508
0.009313648196
0.011322474277
0.013748718765
0.016498462518
0.019248206271
0.021386895857
0.033967422831
0.032080343785
0.027497437530
0.022209468774
0.017498369337
0.013748718765
0.010895211097
0.008749184669
0.007128965286
0.007128965286
0.008749184669
0.010895211097
0.013748718765
0.017498369337
0.022209468774
0.027497437530
0.032080343785
0.057744618813
0.052495108012
0.041246156295
0.030391904639
0.022209468774
0.016498462518
0.012553178003
0.009787223528
0.007803326867
0.007803326867
0.009787223528
0.012553178003
0.016498462518
0.022209468774
0.030391904639
0.041246156295
0.052495108012
0.115489237627
0.096241031356
0.064160687570
0.041246156295
0.027497437530
0.019248206271
0.014084053369
0.010693447928
0.008368785335
0.008368785335
0.010693447928
0.014084053369
0.019248206271
0.027497437530
0.041246156295
0.064160687570
0.096241031356
0.288723094067
0.192482062711
0.096241031356
0.052495108012
0.032080343785
0.021386895857
0.015195952319
0.011322474277
0.008749184669
0.006957182990
0.006957182990
0.008749184669
0.011322474277
0.015195952319
0.021386895857
0.032080343785
0.052495108012
0.096241031356
0.192482062711
0.144361547033
0.115489237627
0.072180773517
0.044418937549
0.028872309407
0.019911937522
0.014436154703
0.010895211097
0.008491855708
0.008491855708
0.010895211097
0.014436154703
0.019911937522
0.028872309407
0.044418937549
0.072180773517
0.115489237627
0.115489237627
0.096241031356
0.064160687570
0.041246156295
0.027497437530
0.019248206271
0.014084053369
0.010693447928
0.008368785335
0.008368785335
0.010693447928
0.014084053369
0.019248206271
0.027497437530
0.041246156295
0.064160687570
0.096241031356
0.072180773517
0.064160687570
0.048120515678
0.033967422831
0.024060257839
0.017498369337
0.013123777003
0.010130634880
0.008020085946
0.008020085946
0.010130634880
0.013123777003
0.017498369337
0.024060257839
0.033967422831
0.048120515678
0.064160687570
0.044418937549
0.041246156295
0.033967422831
0.026247554006
0.019911937522
0.015195952319
0.011784616084
0.009313648196
0.007499301145
0.007499301145
0.009313648196
0.011784616084
0.015195952319
0.019911937522
0.026247554006
0.033967422831
0.041246156295
0.028872309407
0.027497437530
0.024060257839
0.019911937522
0.016040171893
0.012832137514
0.010311539074
0.008368785335
0.008368785335
0.010311539074
0.012832137514
0.016040171893
0.019911937522
0.024060257839
0.027497437530
0.019911937522
0.019248206271
0.017498369337
0.015195952319
0.012832137514
0.010693447928
0.008883787510
0.007403156258
0.007403156258
0.008883787510
0.010693447928
0.012832137514
0.015195952319
0.017498369337
0.019248206271
0.014436154703
0.014084053369
0.013123777003
0.011784616084
0.010311539074
0.008883787510
0.007597976160
0.007597976160
0.008883787510
0.010311539074
0.011784616084
0.013123777003
0.014084053369
0.010895211097
0.010693447928
0.010130634880
0.009313648196
0.008368785335
0.007403156258
0.007403156258
0.008368785335
0.009313648196
0.010130634880
0.010693447928
0.008491855708
0.008368785335
0.008020085946
0.007499301145
0.007499301145
0.008020085946
0.008368785335
0.008491855708
0.008368785335
0.008020085946
0.007499301145
0.007499301145
0.008020085946
0.008368785335
0.010895211097
0.010693447928
0.010130634880
0.009313648196
0.008368785335
0.007403156258
0.007403156258
0.008368785335
0.009313648196
0.010130634880
0.010693447928
0.014436154703
0.014084053369
0.013123777003
0.011784616084
0.010311539074
0.008883787510
0.007597976160
0.007597976160
0.008883787510
0.010311539074
0.011784616084
0.013123777003
0.014084053369
0.019911937522
0.019248206271
0.017498369337
0.015195952319
0.012832137514
0.010693447928
0.008883787510
0.007403156258
0.007403156258
0.008883787510
0.010693447928
0.012832137514
0.015195952319
0.017498369337
0.019248206271
0.028872309407
0.027497437530
0.024060257839
0.019911937522
0.016040171893
0.012832137514
0.010311539074
0.008368785335
0.008368785335
0.010311539074
0.012832137514
0.016040171893
0.019911937522
0.024060257839
0.027497437530
0.044418937549
0.041246156295
0.033967422831
0.026247554006
0.019911937522
0.015195952319
0.011784616084
0.009313648196
0.007499301145
0.007499301145
0.009313648196
0.011784616084
0.015195952319
0.019911937522
0.026247554006
0.033967422831
0.041246156295
0.072180773517
0.064160687570
0.048120515678
0.033967422831
0.024060257839
0.017498369337
0.013123777003
0.010130634880
0.008020085946
0.008020085946
0.010130634880
0.013123777003
0.017498369337
0.024060257839
0.033967422831
0.048120515678
0.064160687570
0.115489237627
0.096241031356
0.064160687570
0.041246156295
0.027497437530
0.019248206271
0.014084053369
0.010693447928
0.008368785335
0.008368785335
0.010693447928
0.014084053369
0.019248206271
0.027497437530
0.041246156295
0.064160687570
0.096241031356
0.064160687570
0.057744618813
0.044418937549
0.032080343785
0.023097847525
0.016983711416
0.012832137514
0.009955968761
0.007910221755
0.007910221755
0.009955968761
0.012832137514
0.016983711416
0.023097847525
0.032080343785
0.044418937549
0.057744618813
0.057744618813
0.052495108012
0.041246156295
0.030391904639
0.022209468774
0.016498462518
0.012553178003
0.009787223528
0.007803326867
0.007803326867
0.009787223528
0.012553178003
0.016498462518
0.022209468774
0.030391904639
0.041246156295
0.052495108012
0.044418937549
0.041246156295
0.033967422831
0.026247554006
0.019911937522
0.015195952319
0.011784616084
0.009313648196
0.007499301145
0.007499301145
0.009313648196
0.011784616084
0.015195952319
0.019911937522
0.026247554006
0.033967422831
0.041246156295
0.032080343785
0.030391904639
0.026247554006
0.021386895857
0.016983711416
0.013428981119
0.010693447928
0.008618599823
0.007042026685
0.007042026685
0.008618599823
0.010693447928
0.013428981119
0.016983711416
0.021386895857
0.026247554006
0.030391904639
0.023097847525
0.022209468774
0.019911937522
0.016983711416
0.014084053369
0.011548923763
0.009466330953
0.007803326867
0.007803326867
0.009466330953
0.011548923763
0.014084053369
0.016983711416
0.019911937522
0.022209468774
0.016983711416
0.016498462518
0.015195952319
0.013428981119
0.011548923763
0.009787223528
0.008249231259
0.006957182990
0.006957182990
0.008249231259
0.009787223528
0.011548923763
0.013428981119
0.015195952319
0.016498462518
0.012832137514
0.012553178003
0.011784616084
0.010693447928
0.009466330953
0.008249231259
0.007128965286
0.007128965286
0.008249231259
0.009466330953
0.010693447928
0.011784616084
0.012553178003
0.009955968761
0.009787223528
0.009313648196
0.008618599823
0.007803326867
0.006957182990
0.006957182990
0.007803326867
0.008618599823
0.009313648196
0.009787223528
0.007910221755
0.007803326867
0.007499301145
0.007042026685
0.007042026685
0.007499301145
0.007803326867
0.007910221755
0.007803326867
0.007499301145
0.007042026685
0.007042026685
0.007499301145
0.007803326867
0.009955968761
0.009787223528
0.009313648196
0.008618599823
0.007803326867
0.006957182990
0.006957182990
0.007803326867
0.008618599823
0.009313648196
0.009787223528
0.012832137514
0.012553178003
0.011784616084
0.010693447928
0.009466330953
0.008249231259
0.007128965286
0.007128965286
0.008249231259
0.009466330953
0.010693447928
0.011784616084
0.012553178003
0.016983711416
0.016498462518
0.015195952319
0.013428981119
0.011548923763
0.009787223528
0.008249231259
0.006957182990
0.006957182990
0.008249231259
0.009787223528
0.011548923763
0.013428981119
0.015195952319
0.016498462518
0.023097847525
0.022209468774
0.019911937522
0.016983711416
0.014084053369
0.011548923763
0.009466330953
0.007803326867
0.007803326867
0.009466330953
0.011548923763
0.014084053369
0.016983711416
0.019911937522
0.022209468774
0.032080343785
0.030391904639
0.026247554006
0.021386895857
0.016983711416
0.013428981119
0.010693447928
0.008618599823
0.007042026685
0.007042026685
0.008618599823
0.010693447928
0.013428981119
0.016983711416
0.021386895857
0.026247554006
0.030391904639
0.044418937549
0.041246156295
0.033967422831
0.026247554006
0.019911937522
0.015195952319
0.011784616084
0.009313648196
0.007499301145
0.007499301145
0.009313648196
0.011784616084
0.015195952319
0.019911937522
0.026247554006
0.033967422831
0.041246156295
0.057744618813
0.052495108012
0.041246156295
0.030391904639
0.022209468774
0.016498462518
0.012553178003
0.009787223528
0.007803326867
0.007803326867
0.009787223528
0.012553178003
0.016498462518
0.022209468774
0.030391904639
0.041246156295
0.052495108012
0.036090386758
0.033967422831
0.028872309407
0.023097847525
0.018045193379
0.014084053369
0.011104734387
0.008883787510
0.007218077352
0.007218077352
0.008883787510
0.011104734387
0.014084053369
0.018045193379
0.023097847525
0.028872309407
0.033967422831
0.033967422831
0.032080343785
0.027497437530
0.022209468774
0.017498369337
0.013748718765
0.010895211097
0.008749184669
0.007128965286
0.007128965286
0.008749184669
0.010895211097
0.013748718765
0.017498369337
0.022209468774
0.027497437530
0.032080343785
0.028872309407
0.027497437530
0.024060257839
0.019911937522
0.016040171893
0.012832137514
0.010311539074
0.008368785335
0.008368785335
0.010311539074
0.012832137514
0.016040171893
0.019911937522
0.024060257839
0.027497437530
0.023097847525
0.022209468774
0.019911937522
0.016983711416
0.014084053369
0.011548923763
0.009466330953
0.007803326867
0.007803326867
0.009466330953
0.011548923763
0.014084053369
0.016983711416
0.019911937522
0.022209468774
0.018045193379
0.017498369337
0.016040171893
0.014084053369
0.012030128919
0.010130634880
0.008491855708
0.007128965286
0.007128965286
0.008491855708
0.010130634880
0.012030128919
0.014084053369
0.016040171893
0.017498369337
0.014084053369
0.013748718765
0.012832137514
0.011548923763
0.010130634880
0.008749184669
0.007499301145
0.007499301145
0.008749184669
0.010130634880
0.011548923763
0.012832137514
0.013748718765
0.011104734387
0.010895211097
0.010311539074
0.009466330953
0.008491855708
0.007499301145
0.007499301145
0.008491855708
0.009466330953
0.010311539074
0.010895211097
0.008883787510
0.008749184669
0.008368785335
0.007803326867
0.007128965286
0.007128965286
0.007803326867
0.008368785335
0.008749184669
0.007218077352
0.007128965286
0.007128965286
0.007218077352
0.007128965286
0.007128965286
0.008883787510
0.008749184669
0.008368785335
0.007803326867
0.007128965286
0.007128965286
0.007803326867
0.008368785335
0.008749184669
0.011104734387
0.010895211097
0.010311539074
0.009466330953
0.008491855708
0.007499301145
0.007499301145
0.008491855708
0.009466330953
0.010311539074
0.010895211097
0.014084053369
0.013748718765
0.012832137514
0.011548923763
0.010130634880
0.008749184669
0.007499301145
0.007499301145
0.008749184669
0.010130634880
0.011548923763
0.012832137514
0.013748718765
0.018045193379
0.017498369337
0.016040171893
0.014084053369
0.012030128919
0.010130634880
0.008491855708
0.007128965286
0.007128965286
0.008491855708
0.010130634880
0.012030128919
0.014084053369
0.016040171893
0.017498369337
0.023097847525
0.022209468774
0.019911937522
0.016983711416
0.014084053369
0.011548923763
0.009466330953
0.007803326867
0.007803326867
0.009466330953
0.011548923763
0.014084053369
0.016983711416
0.019911937522
0.022209468774
0.028872309407
0.027497437530
0.024060257839
0.019911937522
0.016040171893
0.012832137514
0.010311539074
0.008368785335
0.008368785335
0.010311539074
0.012832137514
0.016040171893
0.019911937522
0.024060257839
0.027497437530
0.033967422831
0.032080343785
0.027497437530
0.022209468774
0.017498369337
0.013748718765
0.010895211097
0.008749184669
0.007128965286
0.007128965286
0.008749184669
0.010895211097
0.013748718765
0.017498369337
0.022209468774
0.027497437530
0.032080343785
0.023097847525
0.022209468774
0.019911937522
0.016983711416
0.014084053369
0.011548923763
0.009466330953
0.007803326867
0.007803326867
0.009466330953
0.011548923763
0.014084053369
0.016983711416
0.019911937522
0.022209468774
0.022209468774
0.021386895857
0.019248206271
0.016498462518
0.013748718765
0.011322474277
0.009313648196
0.007699282508
0.007699282508
0.009313648196
0.011322474277
0.013748718765
0.016498462518
0.019248206271
0.021386895857
0.019911937522
0.019248206271
0.017498369337
0.015195952319
0.012832137514
0.010693447928
0.008883787510
0.007403156258
0.007403156258
0.008883787510
0.010693447928
0.012832137514
0.015195952319
0.017498369337
0.019248206271
0.016983711416
0.016498462518
0.015195952319
0.013428981119
0.011548923763
0.009787223528
0.008249231259
0.006957182990
0.006957182990
0.008249231259
0.009787223528
0.011548923763
0.013428981119
0.015195952319
0.016498462518
0.014084053369
0.013748718765
0.012832137514
0.011548923763
0.010130634880
0.008749184669
0.007499301145
0.007499301145
0.008749184669
0.010130634880
0.011548923763
0.012832137514
0.013748718765
0.011548923763
0.011322474277
0.010693447928
0.009787223528
0.008749184669
0.007699282508
0.007699282508
0.008749184669
0.009787223528
0.010693447928
0.011322474277
0.009466330953
0.009313648196
0.008883787510
0.008249231259
0.007499301145
0.007499301145
0.008249231259
0.008883787510
0.009313648196
0.007803326867
0.007699282508
0.007403156258
0.006957182990
0.006957182990
0.007403156258
0.007699282508
0.007803326867
0.007699282508
0.007403156258
0.006957182990
0.006957182990
0.007403156258
0.007699282508
0.009466330953
0.009313648196
0.008883787510
0.008249231259
0.007499301145
0.007499301145
0.008249231259
0.008883787510
0.009313648196
0.011548923763
0.011322474277
0.010693447928
0.009787223528
0.008749184669
0.007699282508
0.007699282508
0.008749184669
0.009787223528
0.010693447928
0.011322474277
0.014084053369
0.013748718765
0.012832137514
0.011548923763
0.010130634880
0.008749184669
0.007499301145
0.007499301145
0.008749184669
0.010130634880
0.011548923763
0.012832137514
0.013748718765
0.016983711416
0.016498462518
0.015195952319
0.013428981119
0.011548923763
0.009787223528
0.008249231259
0.006957182990
0.006957182990
0.008249231259
0.009787223528
0.011548923763
0.013428981119
0.015195952319
0.016498462518
0.019911937522
0.019248206271
0.017498369337
0.015195952319
0.012832137514
0.010693447928
0.008883787510
0.007403156258
0.007403156258
0.008883787510
0.010693447928
0.012832137514
0.015195952319
0.017498369337
0.019248206271
0.022209468774
0.021386895857
0.019248206271
0.016498462518
0.013748718765
0.011322474277
0.009313648196
0.007699282508
0.007699282508
0.009313648196
0.011322474277
0.013748718765
0.016498462518
0.019248206271
0.021386895857
0.016040171893
0.015606653733
0.014436154703
0.012832137514
0.011104734387
0.009466330953
0.008020085946
0.008020085946
0.009466330953
0.011104734387
0.012832137514
0.014436154703
0.015606653733
0.015606653733
0.015195952319
0.014084053369
0.012553178003
0.010895211097
0.009313648196
0.007910221755
0.007910221755
0.009313648196
0.010895211097
0.012553178003
0.014084053369
0.015195952319
0.014436154703
0.014084053369
0.013123777003
0.011784616084
0.010311539074
0.008883787510
0.007597976160
0.007597976160
0.008883787510
0.010311539074
0.011784616084
0.013123777003
0.014084053369
0.012832137514
0.012553178003
0.011784616084
0.010693447928
0.009466330953
0.008249231259
0.007128965286
0.007128965286
0.008249231259
0.009466330953
0.010693447928
0.011784616084
0.012553178003
0.011104734387
0.010895211097
0.010311539074
0.009466330953
0.008491855708
0.007499301145
0.007499301145
0.008491855708
0.009466330953
0.010311539074
0.010895211097
0.009466330953
0.009313648196
0.008883787510
0.008249231259
0.007499301145
0.007499301145
0.008249231259
0.008883787510
0.009313648196
0.008020085946
0.007910221755
0.007597976160
0.007128965286
0.007128965286
0.007597976160
0.007910221755
0.008020085946
0.007910221755
0.007597976160
0.007128965286
0.007128965286
0.007597976160
0.007910221755
0.009466330953
0.009313648196
0.008883787510
0.008249231259
0.007499301145
0.007499301145
0.008249231259
0.008883787510
0.009313648196
0.011104734387
0.010895211097
0.010311539074
0.009466330953
0.008491855708
0.007499301145
0.007499301145
0.008491855708
0.009466330953
0.010311539074
0.010895211097
0.012832137514
0.012553178003
0.011784616084
0.010693447928
0.009466330953
0.008249231259
0.007128965286
0.007128965286
0.008249231259
0.009466330953
0.010693447928
0.011784616084
0.012553178003
0.014436154703
0.014084053369
0.013123777003
0.011784616084
0.010311539074
0.008883787510
0.007597976160
0.007597976160
0.008883787510
0.010311539074
0.011784616084
0.013123777003
0.014084053369
0.015606653733
0.015195952319
0.014084053369
0.012553178003
0.010895211097
0.009313648196
0.007910221755
0.007910221755
0.009313648196
0.010895211097
0.012553178003
0.014084053369
0.015195952319
0.011784616084
0.011548923763
0.010895211097
0.009955968761
0.008883787510
0.007803326867
0.007803326867
0.008883787510
0.009955968761
0.010895211097
0.011548923763
0.011548923763
0.011322474277
0.010693447928
0.009787223528
0.008749184669
0.007699282508
0.007699282508
0.008749184669
0.009787223528
0.010693447928
0.011322474277
0.010895211097
0.010693447928
0.010130634880
0.009313648196
0.008368785335
0.007403156258
0.007403156258
0.008368785335
0.009313648196
0.010130634880
0.010693447928
0.009955968761
0.009787223528
0.009313648196
0.008618599823
0.007803326867
0.006957182990
0.006957182990
0.007803326867
0.008618599823
0.009313648196
0.009787223528
0.008883787510
0.008749184669
0.008368785335
0.007803326867
0.007128965286
0.007128965286
0.007803326867
0.008368785335
0.008749184669
0.007803326867
0.007699282508
0.007403156258
0.006957182990
0.006957182990
0.007403156258
0.007699282508
0.007803326867
0.007699282508
0.007403156258
0.006957182990
0.006957182990
0.007403156258
0.007699282508
0.008883787510
0.008749184669
0.008368785335
0.007803326867
0.007128965286
0.007128965286
0.007803326867
0.008368785335
0.008749184669
0.009955968761
0.009787223528
0.009313648196
0.008618599823
0.007803326867
0.006957182990
0.006957182990
0.007803326867
0.008618599823
0.009313648196
0.009787223528
0.010895211097
0.010693447928
0.010130634880
0.009313648196
0.008368785335
0.007403156258
0.007403156258
0.008368785335
0.009313648196
0.010130634880
0.010693447928
0.011548923763
0.011322474277
0.010693447928
0.009787223528
0.008749184669
0.007699282508
0.007699282508
0.008749184669
0.009787223528
0.010693447928
0.011322474277
0.009022596690
0.008883787510
0.008491855708
0.007910221755
0.007218077352
0.007218077352
0.007910221755
0.008491855708
0.008883787510
0.008883787510
0.008749184669
0.008368785335
0.007803326867
0.007128965286
0.007128965286
0.007803326867
0.008368785335
0.008749184669
0.008491855708
0.008368785335
0.008020085946
0.007499301145
0.007499301145
0.008020085946
0.008368785335
0.007910221755
0.007803326867
0.007499301145
0.007042026685
0.007042026685
0.007499301145
0.007803326867
0.007218077352
0.007128965286
0.007128965286
0.007218077352
0.007128965286
0.007128965286
0.007910221755
0.007803326867
0.007499301145
0.007042026685
0.007042026685
0.007499301145
0.007803326867
0.008491855708
0.008368785335
0.008020085946
0.007499301145
0.007499301145
0.008020085946
0.008368785335
0.008883787510
0.008749184669
0.008368785335
0.007803326867
0.007128965286
0.007128965286
0.007803326867
0.008368785335
0.008749184669
0.007128965286
0.007042026685
0.007042026685
0.007042026685
0.006957182990
0.006957182990
0.007042026685
0.006957182990
0.006957182990
0.007128965286
0.007042026685
0.007042026685
0.007042026685
0.006957182990
0.006957182990
0.007042026685
0.006957182990
0.006957182990
0.009022596690
0.008883787510
0.008491855708
0.007910221755
0.007218077352
0.007218077352
0.007910221755
0.008491855708
0.008883787510
0.008883787510
0.008749184669
0.008368785335
0.007803326867
0.007128965286
0.007128965286
0.007803326867
0.008368785335
0.008749184669
0.008491855708
0.008368785335
0.008020085946
0.007499301145
0.007499301145
0.008020085946
0.008368785335
0.007910221755
0.007803326867
0.007499301145
0.007042026685
0.007042026685
0.007499301145
0.007803326867
0.007218077352
0.007128965286
0.007128965286
0.007218077352
0.007128965286
0.007128965286
0.007910221755
0.007803326867
0.007499301145
0.007042026685
0.007042026685
0.007499301145
0.007803326867
0.008491855708
0.008368785335
0.008020085946
0.007499301145
0.007499301145
0.008020085946
0.008368785335
0.008883787510
0.008749184669
0.008368785335
0.007803326867
0.007128965286
0.007128965286
0.007803326867
0.008368785335
0.008749184669
0.011784616084
0.011548923763
0.010895211097
0.009955968761
0.008883787510
0.007803326867
0.007803326867
0.008883787510
0.009955968761
0.010895211097
0.011548923763
0.011548923763
0.011322474277
0.010693447928
0.009787223528
0.008749184669
0.007699282508
0.007699282508
0.008749184669
0.009787223528
0.010693447928
0.011322474277
0.010895211097
0.010693447928
0.010130634880
0.009313648196
0.008368785335
0.007403156258
0.007403156258
0.008368785335
0.009313648196
0.010130634880
0.010693447928
0.009955968761
0.009787223528
0.009313648196
0.008618599823
0.007803326867
0.006957182990
0.006957182990
0.007803326867
0.008618599823
0.009313648196
0.009787223528
0.008883787510
0.008749184669
0.008368785335
0.007803326867
0.007128965286
0.007128965286
0.007803326867
0.008368785335
0.008749184669
0.007803326867
0.007699282508
0.007403156258
0.006957182990
0.006957182990
0.007403156258
0.007699282508
0.007803326867
0.007699282508
0.007403156258
0.006957182990
0.006957182990
0.007403156258
0.007699282508
0.008883787510
0.008749184669
0.008368785335
0.007803326867
0.007128965286
0.007128965286
0.007803326867
0.008368785335
0.008749184669
0.009955968761
0.009787223528
0.009313648196
0.008618599823
0.007803326867
0.006957182990
0.006957182990
0.007803326867
0.008618599823
0.009313648196
0.009787223528
0.010895211097
0.010693447928
0.010130634880
0.009313648196
0.008368785335
0.007403156258
0.007403156258
0.008368785335
0.009313648196
0.010130634880
0.010693447928
0.011548923763
0.011322474277
0.010693447928
0.009787223528
0.008749184669
0.007699282508
0.007699282508
0.008749184669
0.009787223528
0.010693447928
0.011322474277
0.016040171893
0.015606653733
0.014436154703
0.012832137514
0.011104734387
0.009466330953
0.008020085946
0.008020085946
0.009466330953
0.011104734387
0.012832137514
0.014436154703
0.015606653733
0.015606653733
0.015195952319
0.014084053369
0.012553178003
0.010895211097
0.009313648196
0.007910221755
0.007910221755
0.009313648196
0.010895211097
0.012553178003
0.014084053369
0.015195952319
0.014436154703
0.014084053369
0.013123777003
0.011784616084
0.010311539074
0.008883787510
0.007597976160
0.007597976160
0.008883787510
0.010311539074
0.011784616084
0.013123777003
0.014084053369
0.012832137514
0.012553178003
0.011784616084
0.010693447928
0.009466330953
0.008249231259
0.007128965286
0.007128965286
0.008249231259
0.009466330953
0.010693447928
0.011784616084
0.012553178003
0.011104734387
0.010895211097
0.010311539074
0.009466330953
0.008491855708
0.007499301145
0.007499301145
0.008491855708
0.009466330953
0.010311539074
0.010895211097
0.009466330953
0.009313648196
0.008883787510
0.008249231259
0.007499301145
0.007499301145
0.008249231259
0.008883787510
0.009313648196
0.008020085946
0.007910221755
0.007597976160
0.007128965286
0.007128965286
0.007597976160
0.007910221755
0.008020085946
0.007910221755
0.007597976160
0.007128965286
0.007128965286
0.007597976160
0.007910221755
0.009466330953
0.009313648196
0.008883787510
0.008249231259
0.007499301145
0.007499301145
0.008249231259
0.008883787510
0.009313648196
0.011104734387
0.010895211097
0.010311539074
0.009466330953
0.008491855708
0.007499301145
0.007499301145
0.008491855708
0.009466330953
0.010311539074
0.010895211097
0.012832137514
0.012553178003
0.011784616084
0.010693447928
0.009466330953
0.008249231259
0.007128965286
0.007128965286
0.008249231259
0.009466330953
0.010693447928
0.011784616084
0.012553178003
0.014436154703
0.014084053369
0.013123777003
0.011784616084
0.010311539074
0.008883787510
0.007597976160
0.007597976160
0.008883787510
0.010311539074
0.011784616084
0.013123777003
0.014084053369
0.015606653733
0.015195952319
0.014084053369
0.012553178003
0.010895211097
0.009313648196
0.007910221755
0.007910221755
0.009313648196
0.010895211097
0.012553178003
0.014084053369
0.015195952319
0.023097847525
0.022209468774
0.019911937522
0.016983711416
0.014084053369
0.011548923763
0.009466330953
0.007803326867
0.007803326867
0.009466330953
0.011548923763
0.014084053369
0.016983711416
0.019911937522
0.022209468774
0.022209468774
0.021386895857
0.019248206271
0.016498462518
0.013748718765
0.011322474277
0.009313648196
0.007699282508
0.007699282508
0.009313648196
0.011322474277
0.013748718765
0.016498462518
0.019248206271
0.021386895857
0.019911937522
0.019248206271
0.017498369337
0.015195952319
0.012832137514
0.010693447928
0.008883787510
0.007403156258
0.007403156258
0.008883787510
0.010693447928
0.012832137514
0.015195952319
0.017498369337
0.019248206271
0.016983711416
0.016498462518
0.015195952319
0.013428981119
0.011548923763
0.009787223528
0.008249231259
0.006957182990
0.006957182990
0.008249231259
0.009787223528
0.011548923763
0.013428981119
0.015195952319
0.016498462518
0.014084053369
0.013748718765
0.012832137514
0.011548923763
0.010130634880
0.008749184669
0.007499301145
0.007499301145
0.008749184669
0.010130634880
0.011548923763
0.012832137514
0.013748718765
0.011548923763
0.011322474277
0.010693447928
0.009787223528
0.008749184669
0.007699282508
0.007699282508
0.008749184669
0.009787223528
0.010693447928
0.011322474277
0.009466330953
0.009313648196
0.008883787510
0.008249231259
0.007499301145
0.007499301145
0.008249231259
0.008883787510
0.009313648196
0.007803326867
0.007699282508
0.007403156258
0.006957182990
0.006957182990
0.007403156258
0.007699282508
0.007803326867
0.007699282508
0.007403156258
0.006957182990
0.006957182990
0.007403156258
0.007699282508
0.009466330953
0.009313648196
0.008883787510
0.008249231259
0.007499301145
0.007499301145
0.008249231259
0.008883787510
0.009313648196
0.011548923763
0.011322474277
0.010693447928
0.009787223528
0.008749184669
0.007699282508
0.007699282508
0.008749184669
0.009787223528
0.010693447928
0.011322474277
0.014084053369
0.013748718765
0.012832137514
0.011548923763
0.010130634880
0.008749184669
0.007499301145
0.007499301145
0.008749184669
0.010130634880
0.011548923763
0.012832137514
0.013748718765
0.016983711416
0.016498462518
0.015195952319
0.013428981119
0.011548923763
0.009787223528
0.008249231259
0.006957182990
0.006957182990
0.008249231259
0.009787223528
0.011548923763
0.013428981119
0.015195952319
0.016498462518
0.019911937522
0.019248206271
0.017498369337
0.015195952319
0.012832137514
0.010693447928
0.008883787510
0.007403156258
0.007403156258
0.008883787510
0.010693447928
0.012832137514
0.015195952319
0.017498369337
0.019248206271
0.022209468774
0.021386895857
0.019248206271
0.016498462518
0.013748718765
0.011322474277
0.009313648196
0.007699282508
0.007699282508
0.009313648196
0.011322474277
0.013748718765
0.016498462518
0.019248206271
0.021386895857
0.036090386758
0.033967422831
0.028872309407
0.023097847525
0.018045193379
0.014084053369
0.011104734387
0.008883787510
0.007218077352
0.007218077352
0.008883787510
0.011104734387
0.014084053369
0.018045193379
0.023097847525
0.028872309407
0.033967422831
0.033967422831
0.032080343785
0.027497437530
0.022209468774
0.017498369337
0.013748718765
0.010895211097
0.008749184669
0.007128965286
0.007128965286
0.008749184669
0.010895211097
0.013748718765
0.017498369337
0.022209468774
0.027497437530
0.032080343785
0.028872309407
0.027497437530
0.024060257839
0.019911937522
0.016040171893
0.012832137514
0.010311539074
0.008368785335
0.008368785335
0.010311539074
0.012832137514
0.016040171893
0.019911937522
0.024060257839
0.027497437530
0.023097847525
0.022209468774
0.019911937522
0.016983711416
0.014084053369
0.011548923763
0.009466330953
0.007803326867
0.007803326867
0.009466330953
0.011548923763
0.014084053369
0.016983711416
0.019911937522
0.022209468774
0.018045193379
0.017498369337
0.016040171893
0.014084053369
0.012030128919
0.010130634880
0.008491855708
0.007128965286
0.007128965286
0.008491855708
0.010130634880
0.012030128919
0.014084053369
0.016040171893
0.017498369337
0.014084053369
0.013748718765
0.012832137514
0.011548923763
0.010130634880
0.008749184669
0.007499301145
0.007499301145
0.008749184669
0.010130634880
0.011548923763
0.012832137514
0.013748718765
0.011104734387
0.010895211097
0.010311539074
0.009466330953
0.008491855708
0.007499301145
0.007499301145
0.008491855708
0.009466330953
0.010311539074
0.010895211097
0.008883787510
0.008749184669
0.008368785335
0.007803326867
0.007128965286
0.007128965286
0.007803326867
0.008368785335
0.008749184669
0.007218077352
0.007128965286
0.007128965286
0.007218077352
0.007128965286
0.007128965286
0.008883787510
0.008749184669
0.008368785335
0.007803326867
0.007128965286
0.007128965286
0.007803326867
0.008368785335
0.008749184669
0.011104734387
0.010895211097
0.010311539074
0.009466330953
0.008491855708
0.007499301145
0.007499301145
0.008491855708
0.009466330953
0.010311539074
0.010895211097
0.014084053369
0.013748718765
0.012832137514
0.011548923763
0.010130634880
0.008749184669
0.007499301145
0.007499301145
0.008749184669
0.010130634880
0.011548923763
0.012832137514
0.013748718765
0.018045193379
0.017498369337
0.016040171893
0.014084053369
0.012030128919
0.010130634880
0.008491855708
0.007128965286
0.007128965286
0.008491855708
0.010130634880
0.012030128919
0.014084053369
0.016040171893
0.017498369337
0.023097847525
0.022209468774
0.019911937522
0.016983711416
0.014084053369
0.011548923763
0.009466330953
0.007803326867
0.007803326867
0.009466330953
0.011548923763
0.014084053369
0.016983711416
0.019911937522
0.022209468774
0.028872309407
0.027497437530
0.024060257839
0.019911937522
0.016040171893
0.012832137514
0.010311539074
0.008368785335
0.008368785335
0.010311539074
0.012832137514
0.016040171893
0.019911937522
0.024060257839
0.027497437530
0.033967422831
0.032080343785
0.027497437530
0.022209468774
0.017498369337
0.013748718765
0.010895211097
0.008749184669
0.007128965286
0.007128965286
0.008749184669
0.010895211097
0.013748718765
0.017498369337
0.022209468774
0.027497437530
0.032080343785
0.064160687570
0.057744618813
0.044418937549
0.032080343785
0.023097847525
0.016983711416
0.012832137514
0.009955968761
0.007910221755
0.007910221755
0.009955968761
0.012832137514
0.016983711416
0.023097847525
0.032080343785
0.044418937549
0.057744618813
0.057744618813
0.052495108012
0.041246156295
0.030391904639
0.022209468774
0.016498462518
0.012553178003
0.009787223528
0.007803326867
0.007803326867
0.009787223528
0.012553178003
0.016498462518
0.022209468774
0.030391904639
0.041246156295
0.052495108012
0.044418937549
0.041246156295
0.033967422831
0.026247554006
0.019911937522
0.015195952319
0.011784616084
0.009313648196
0.007499301145
0.007499301145
0.009313648196
0.011784616084
0.015195952319
0.019911937522
0.026247554006
0.033967422831
0.041246156295
0.032080343785
0.030391904639
0.026247554006
0.021386895857
0.016983711416
0.013428981119
0.010693447928
0.008618599823
0.007042026685
0.007042026685
0.008618599823
0.010693447928
0.013428981119
0.016983711416
0.021386895857
0.026247554006
0.030391904639
0.023097847525
0.022209468774
0.019911937522
0.016983711416
0.014084053369
0.011548923763
0.009466330953
0.007803326867
0.007803326867
0.009466330953
0.011548923763
0.014084053369
0.016983711416
0.019911937522
0.022209468774
0.016983711416
0.016498462518
0.015195952319
0.013428981119
0.011548923763
0.009787223528
0.008249231259
0.006957182990
0.006957182990
0.008249231259
0.009787223528
0.011548923763
0.013428981119
0.015195952319
0.016498462518
0.012832137514
0.012553178003
0.011784616084
0.010693447928
0.009466330953
0.008249231259
0.007128965286
0.007128965286
0.008249231259
0.009466330953
0.010693447928
0.011784616084
0.012553178003
0.009955968761
0.009787223528
0.009313648196
0.008618599823
0.007803326867
0.006957182990
0.006957182990
0.007803326867
0.008618599823
0.009313648196
0.009787223528
0.007910221755
0.007803326867
0.007499301145
0.007042026685
0.007042026685
0.007499301145
0.007803326867
0.007910221755
0.007803326867
0.007499301145
0.007042026685
0.007042026685
0.007499301145
0.007803326867
0.009955968761
0.009787223528
0.009313648196
0.008618599823
0.007803326867
0.006957182990
0.006957182990
0.007803326867
0.008618599823
0.009313648196
0.009787223528
0.012832137514
0.012553178003
0.011784616084
0.010693447928
0.009466330953
0.008249231259
0.007128965286
0.007128965286
0.008249231259
0.009466330953
0.010693447928
0.011784616084
0.012553178003
0.016983711416
0.016498462518
0.015195952319
0.013428981119
0.011548923763
0.009787223528
0.008249231259
0.006957182990
0.006957182990
0.008249231259
0.009787223528
0.011548923763
0.013428981119
0.015195952319
0.016498462518
0.023097847525
0.022209468774
0.019911937522
0.016983711416
0.014084053369
0.011548923763
0.009466330953
0.007803326867
0.007803326867
0.009466330953
0.011548923763
0.014084053369
0.016983711416
0.019911937522
0.022209468774
0.032080343785
0.030391904639
0.026247554006
0.021386895857
0.016983711416
0.013428981119
0.010693447928
0.008618599823
0.007042026685
0.007042026685
0.008618599823
0.010693447928
0.013428981119
0.016983711416
0.021386895857
0.026247554006
0.030391904639
0.044418937549
0.041246156295
0.033967422831
0.026247554006
0.019911937522
0.015195952319
0.011784616084
0.009313648196
0.007499301145
0.007499301145
0.009313648196
0.011784616084
0.015195952319
0.019911937522
0.026247554006
0.033967422831
0.041246156295
0.057744618813
0.052495108012
0.041246156295
0.030391904639
0.022209468774
0.016498462518
0.012553178003
0.009787223528
0.007803326867
0.007803326867
0.009787223528
0.012553178003
0.016498462518
0.022209468774
0.030391904639
0.041246156295
0.052495108012
0.144361547033
0.115489237627
0.072180773517
0.044418937549
0.028872309407
0.019911937522
0.014436154703
0.010895211097
0.008491855708
0.008491855708
0.010895211097
0.014436154703
0.019911937522
0.028872309407
0.044418937549
0.072180773517
0.115489237627
0.115489237627
0.096241031356
0.064160687570
0.041246156295
0.027497437530
0.019248206271
0.014084053369
0.010693447928
0.008368785335
0.008368785335
0.010693447928
0.014084053369
0.019248206271
0.027497437530
0.041246156295
0.064160687570
0.096241031356
0.072180773517
0.064160687570
0.048120515678
0.033967422831
0.024060257839
0.017498369337
0.013123777003
0.010130634880
0.008020085946
0.008020085946
0.010130634880
0.013123777003
0.017498369337
0.024060257839
0.033967422831
0.048120515678
0.064160687570
0.044418937549
0.041246156295
0.033967422831
0.026247554006
0.019911937522
0.015195952319
0.011784616084
0.009313648196
0.007499301145
0.007499301145
0.009313648196
0.011784616084
0.015195952319
0.019911937522
0.026247554006
0.033967422831
0.041246156295
0.028872309407
0.027497437530
0.024060257839
0.019911937522
0.016040171893
0.012832137514
0.010311539074
0.008368785335
0.008368785335
0.010311539074
0.012832137514
0.016040171893
0.019911937522
0.024060257839
0.027497437530
0.019911937522
0.019248206271
0.017498369337
0.015195952319
0.012832137514
0.010693447928
0.008883787510
0.007403156258
0.007403156258
0.008883787510
0.010693447928
0.012832137514
0.015195952319
0.017498369337
0.019248206271
0.014436154703
0.014084053369
0.013123777003
0.011784616084
0.010311539074
0.008883787510
0.007597976160
0.007597976160
0.008883787510
0.010311539074
0.011784616084
0.013123777003
0.014084053369
0.010895211097
0.010693447928
0.010130634880
0.009313648196
0.008368785335
0.007403156258
0.007403156258
0.008368785335
0.009313648196
0.010130634880
0.010693447928
0.008491855708
0.008368785335
0.008020085946
0.007499301145
0.007499301145
0.008020085946
0.008368785335
0.008491855708
0.008368785335
0.008020085946
0.007499301145
0.007499301145
0.008020085946
0.008368785335
0.010895211097
0.010693447928
0.010130634880
0.009313648196
0.008368785335
0.007403156258
0.007403156258
0.008368785335
0.009313648196
0.010130634880
0.010693447928
0.014436154703
0.014084053369
0.013123777003
0.011784616084
0.010311539074
0.008883787510
0.007597976160
0.007597976160
0.008883787510
0.010311539074
0.011784616084
0.013123777003
0.014084053369
0.019911937522
0.019248206271
0.017498369337
0.015195952319
0.012832137514
0.010693447928
0.008883787510
0.007403156258
0.007403156258
0.008883787510
0.010693447928
0.012832137514
0.015195952319
0.017498369337
0.019248206271
0.028872309407
0.027497437530
0.024060257839
0.019911937522
0.016040171893
0.012832137514
0.010311539074
0.008368785335
0.008368785335
0.010311539074
0.012832137514
0.016040171893
0.019911937522
0.024060257839
0.027497437530
0.044418937549
0.041246156295
0.033967422831
0.026247554006
0.019911937522
0.015195952319
0.011784616084
0.009313648196
0.007499301145
0.007499301145
0.009313648196
0.011784616084
0.015195952319
0.019911937522
0.026247554006
0.033967422831
0.041246156295
0.072180773517
0.064160687570
0.048120515678
0.033967422831
0.024060257839
0.017498369337
0.013123777003
0.010130634880
0.008020085946
0.008020085946
0.010130634880
0.013123777003
0.017498369337
0.024060257839
0.033967422831
0.048120515678
0.064160687570
0.115489237627
0.096241031356
0.064160687570
0.041246156295
0.027497437530
0.019248206271
0.014084053369
0.010693447928
0.008368785335
0.008368785335
0.010693447928
0.014084053369
0.019248206271
0.027497437530
0.041246156295
0.064160687570
0.096241031356
0.577446188134
0.288723094067
0.115489237627
0.057744618813
0.033967422831
0.022209468774
0.015606653733
0.011548923763
0.008883787510
0.007042026685
0.007042026685
0.008883787510
0.011548923763
0.015606653733
0.022209468774
0.033967422831
0.057744618813
0.115489237627
0.288723094067
0.288723094067
0.192482062711
0.096241031356
0.052495108012
0.032080343785
0.021386895857
0.015195952319
0.011322474277
0.008749184669
0.006957182990
0.006957182990
0.008749184669
0.011322474277
0.015195952319
0.021386895857
0.032080343785
0.052495108012
0.096241031356
0.192482062711
0.115489237627
0.096241031356
0.064160687570
0.041246156295
0.027497437530
0.019248206271
0.014084053369
0.010693447928
0.008368785335
0.008368785335
0.010693447928
0.014084053369
0.019248206271
0.027497437530
0.041246156295
0.064160687570
0.096241031356
0.057744618813
0.052495108012
0.041246156295
0.030391904639
0.022209468774
0.016498462518
0.012553178003
0.009787223528
0.007803326867
0.007803326867
0.009787223528
0.012553178003
0.016498462518
0.022209468774
0.030391904639
0.041246156295
0.052495108012
0.033967422831
0.032080343785
0.027497437530
0.022209468774
0.017498369337
0.013748718765
0.010895211097
0.008749184669
0.007128965286
0.007128965286
0.008749184669
0.010895211097
0.013748718765
0.017498369337
0.022209468774
0.027497437530
0.032080343785
0.022209468774
0.021386895857
0.019248206271
0.016498462518
0.013748718765
0.011322474277
0.009313648196
0.007699282508
0.007699282508
0.009313648196
0.011322474277
0.013748718765
0.016498462518
0.019248206271
0.021386895857
0.015606653733
0.015195952319
0.014084053369
0.012553178003
0.010895211097
0.009313648196
0.007910221755
0.007910221755
0.009313648196
0.010895211097
0.012553178003
0.014084053369
0.015195952319
0.011548923763
0.011322474277
0.010693447928
0.009787223528
0.008749184669
0.007699282508
0.007699282508
0.008749184669
0.009787223528
0.010693447928
0.011322474277
0.008883787510
0.008749184669
0.008368785335
0.007803326867
0.007128965286
0.007128965286
0.007803326867
0.008368785335
0.008749184669
0.007042026685
0.006957182990
0.006957182990
0.007042026685
0.006957182990
0.006957182990
0.008883787510
0.008749184669
0.008368785335
0.007803326867
0.007128965286
0.007128965286
0.007803326867
0.008368785335
0.008749184669
0.011548923763
0.011322474277
0.010693447928
0.009787223528
0.008749184669
0.007699282508
0.007699282508
0.008749184669
0.009787223528
0.010693447928
0.011322474277
0.015606653733
0.015195952319
0.014084053369
0.012553178003
0.010895211097
0.009313648196
0.007910221755
0.007910221755
0.009313648196
0.010895211097
0.012553178003
0.014084053369
0.015195952319
0.022209468774
0.021386895857
0.019248206271
0.016498462518
0.013748718765
0.011322474277
0.009313648196
0.007699282508
0.007699282508
0.009313648196
0.011322474277
0.013748718765
0.016498462518
0.019248206271
0.021386895857
0.033967422831
0.032080343785
0.027497437530
0.022209468774
0.017498369337
0.013748718765
0.010895211097
0.008749184669
0.007128965286
0.007128965286
0.008749184669
0.010895211097
0.013748718765
0.017498369337
0.022209468774
0.027497437530
0.032080343785
0.057744618813
0.052495108012
0.041246156295
0.030391904639
0.022209468774
0.016498462518
0.012553178003
0.009787223528
0.007803326867
0.007803326867
0.009787223528
0.012553178003
0.016498462518
0.022209468774
0.030391904639
0.041246156295
0.052495108012
0.115489237627
0.096241031356
0.064160687570
0.041246156295
0.027497437530
0.019248206271
0.014084053369
0.010693447928
0.008368785335
0.008368785335
0.010693447928
0.014084053369
0.019248206271
0.027497437530
0.041246156295
0.064160687570
0.096241031356
0.288723094067
0.192482062711
0.096241031356
0.052495108012
0.032080343785
0.021386895857
0.015195952319
0.011322474277
0.008749184669
0.006957182990
0.006957182990
0.008749184669
0.011322474277
0.015195952319
0.021386895857
0.032080343785
0.052495108012
0.096241031356
0.192482062711
